radius  h/r   missed   n1/6   ratio missed/n1
    1  1.00     5895     8081   0.122 +- 0.002
    1  2.00    30051    15236   0.329 +- 0.002
    2  0.50     2817     3018   0.156 +- 0.003
    2  1.00    12086    16202   0.124 +- 0.001
    2  2.50    95187    25112   0.632 +- 0.002
    4  0.25     1472     1456   0.169 +- 0.004
    4  0.50     5734     5977   0.160 +- 0.002
    4  1.25    38645    50625   0.127 +- 0.001
    8  0.12      726      712   0.170 +- 0.006
    8  0.25     2725     2894   0.157 +- 0.003
    8  0.62    17887    19609   0.152 +- 0.001
   16  0.06      341      355   0.160 +- 0.009
   16  0.12     1424     1424   0.167 +- 0.004
   16  0.31     8738     9000   0.162 +- 0.002
